1 45
1 46
1 47
1 48
2 45
2 47
2 48
3 8
3 45
3 46
3 47
3 48
3 49
3 50
4 9
4 41
4 42
4 44
4 45
4 46
4 47
4 48
4 49
4 50
5 10
5 17
5 20
5 21
5 41
5 42
5 45
5 46
5 47
5 48
5 49
5 50
6 11
6 15
6 16
6 17
6 18
6 19
6 20
6 21
6 22
6 41
6 42
6 47
6 48
6 49
6 50
7 12
7 13
7 14
7 15
7 16
7 17
7 18
7 20
7 21
7 47
8 13
8 14
8 17
8 20
8 41
8 45
8 46
8 47
9 14
9 15
9 16
9 17
9 20
9 21
9 37
9 38
9 39
9 40
9 41
9 42
9 45
9 46
9 47
10 15
10 16
10 17
10 18
10 19
10 20
10 21
10 37
10 38
10 41
11 16
11 17
11 20
11 41
12 37
12 38
12 40
12 41
12 45
13 19
13 20
13 33
13 34
13 35
13 36
13 37
13 38
13 39
13 40
13 41
14 19
14 20
14 34
14 37
14 38
15 20
15 21
15 22
15 34
15 35
15 37
15 38
16 21
16 22
17 22
18 23
18 25
19 24
19 25
19 27
19 28
19 29
19 30
19 31
19 34
19 35
19 38
20 25
20 34
20 35
20 37
20 38
20 39
20 41
20 42
21 26
21 27
21 38
21 49
22 27
22 28
22 29
22 30
22 35
22 38
23 28
23 29
23 30
23 31
23 32
23 34
23 35
23 36
23 38
23 39
24 35
24 38
24 39
24 42
24 47
24 49
25 49
25 54
29 35
30 35
31 36
32 37
32 38
32 39
33 38
33 39
34 39
35 40
35 41
35 42
36 41
36 42
37 42
38 43
38 47
39 47
40 45
40 46
40 47
41 46
41 47
42 47
42 48
43 48
49 54
50 55
51 56
51 58
51 60
52 57
52 58
52 60
52 117
53 58
54 59
54 60
55 60
55 61
55 117
55 118
56 117
56 118
59 120
60 91
60 92
60 93
60 118
60 119
60 120
61 91
61 92
61 93
61 118
61 119
61 120
61 121
61 305
61 308
61 309
62 87
62 88
62 90
62 91
62 92
62 93
62 94
62 119
62 120
62 121
62 122
62 301
62 304
62 305
62 308
62 309
63 87
63 91
63 92
63 93
63 94
63 95
63 114
63 115
63 117
63 118
63 119
63 120
63 121
63 122
64 83
64 84
64 87
64 91
64 92
64 93
64 94
64 95
64 96
64 114
64 118
64 119
64 120
64 121
64 122
64 123
64 145
64 301
64 304
64 305
65 92
65 93
65 94
65 95
65 96
65 97
65 110
65 111
65 112
65 113
65 114
65 115
65 116
65 117
65 118
65 119
65 120
65 121
65 122
65 123
65 124
65 145
66 80
66 83
66 84
66 93
66 94
66 95
66 96
66 97
66 98
66 99
66 110
66 111
66 114
66 119
66 121
66 122
66 123
66 124
66 125
66 126
66 145
66 146
66 147
67 80
67 94
67 95
67 96
67 97
67 98
67 99
67 107
67 108
67 110
67 111
67 114
67 122
67 123
67 124
67 125
67 126
67 145
67 147
68 76
68 77
68 79
68 80
68 96
68 97
68 98
68 99
68 100
68 107
68 110
68 123
68 124
68 125
68 126
68 127
68 147
68 148
69 75
69 76
69 77
69 96
69 97
69 98
69 99
69 100
69 101
69 102
69 107
69 124
69 125
69 126
69 127
70 75
70 76
70 77
70 80
70 96
70 97
70 98
70 99
70 100
70 101
70 125
70 126
71 76
71 77
71 98
71 99
71 100
71 101
72 77
72 78
72 79
72 80
72 81
72 98
73 78
73 220
73 221
74 79
74 80
74 81
74 246
74 248
74 274
74 276
74 293
75 80
75 220
75 246
75 274
75 276
75 291
75 293
76 81
76 82
76 98
76 125
76 126
76 127
76 293
76 297
77 82
77 83
77 293
78 83
78 84
78 276
78 292
78 293
78 294
78 296
78 297
79 84
79 85
79 125
79 292
79 293
79 294
79 295
79 296
79 297
79 298
80 85
80 94
80 96
80 125
80 293
80 294
80 296
80 297
80 298
81 86
81 87
81 94
81 293
81 294
81 297
81 298
82 87
82 88
82 292
82 293
82 294
82 295
82 296
82 297
82 298
82 299
82 301
83 88
83 92
83 93
83 94
83 123
83 293
83 294
83 295
83 296
83 297
83 298
83 299
83 300
83 301
83 302
84 89
84 92
84 93
84 94
84 95
84 96
84 297
84 298
84 301
85 90
85 92
85 93
85 94
85 294
85 297
85 298
86 91
86 92
86 93
86 294
86 295
86 297
86 298
86 299
86 301
86 302
87 92
87 93
87 94
87 297
87 298
87 301
87 302
88 93
88 94
90 301
90 302
90 305
92 120
92 121
92 301
92 305
93 119
93 120
93 121
94 119
94 122
94 123
95 113
95 114
95 117
95 119
95 122
95 123
96 110
96 111
96 114
96 122
96 123
96 124
97 107
97 110
97 111
97 113
97 114
97 124
97 125
98 107
98 110
98 124
98 125
98 126
99 104
99 105
99 106
99 107
99 108
99 109
99 110
99 111
99 124
99 125
99 126
100 106
100 107
100 110
100 126
101 106
101 107
101 126
102 107
102 126
102 127
102 129
102 190
102 191
103 108
103 109
103 110
103 126
104 109
104 126
104 129
104 132
104 133
104 136
105 110
105 111
105 132
105 133
105 135
105 136
106 111
106 112
107 112
107 113
107 124
107 125
107 126
107 133
107 136
108 113
108 114
108 124
108 132
108 133
108 135
108 136
108 137
108 138
108 139
108 140
109 114
109 115
109 136
109 139
110 115
111 116
111 117
111 119
111 122
111 123
111 124
111 136
111 137
111 139
111 140
111 145
112 117
112 118
112 119
112 139
112 140
113 118
113 119
114 119
114 120
114 121
114 122
114 123
114 140
115 120
115 121
115 122
115 139
115 140
115 141
115 142
115 143
118 142
118 143
119 142
119 143
119 145
120 142
120 143
120 144
120 145
120 304
120 305
120 308
120 309
121 140
121 142
121 143
121 144
121 145
121 146
121 301
121 304
121 305
121 307
121 308
121 309
122 140
122 142
122 143
122 144
122 145
122 146
122 147
122 300
122 301
122 304
122 305
123 143
123 144
123 145
123 146
123 147
123 148
123 158
123 297
123 300
123 301
123 304
124 133
124 136
124 137
124 144
124 145
124 146
124 147
124 148
124 149
124 150
124 158
125 145
125 146
125 147
125 148
125 149
125 150
125 297
126 133
126 147
126 148
126 149
126 150
126 191
127 133
127 147
127 148
127 149
127 150
127 151
127 190
127 191
127 192
127 193
127 194
128 133
128 147
128 148
128 149
128 150
128 151
128 152
128 154
128 159
128 190
128 191
128 192
128 193
128 194
128 195
128 196
129 134
129 136
129 147
129 149
129 150
129 151
129 154
129 190
129 191
129 192
129 193
130 135
130 136
130 147
130 149
130 150
130 151
130 152
130 153
130 154
130 155
130 156
130 191
130 192
131 136
131 137
131 138
131 150
131 151
131 154
131 155
131 156
132 137
132 138
133 138
133 139
133 147
133 150
133 151
133 154
133 156
134 139
134 140
134 147
134 154
134 155
134 156
134 157
135 140
136 141
136 144
136 145
136 147
137 142
137 143
137 144
137 145
137 146
137 147
137 156
137 157
137 158
138 144
139 144
140 145
142 308
143 304
143 305
143 307
143 308
144 156
144 157
144 158
144 304
144 307
144 308
145 157
145 158
145 300
145 301
145 303
145 304
146 156
146 157
146 158
146 159
146 160
146 297
146 300
146 301
146 303
146 304
146 315
147 156
147 157
147 158
147 159
147 160
147 300
148 157
148 158
148 159
148 160
148 161
148 296
148 297
148 299
148 300
148 316
148 317
149 158
149 159
149 160
149 161
149 162
149 191
149 192
149 193
149 296
150 156
150 157
150 158
150 159
150 160
150 161
150 191
150 192
150 193
150 196
151 156
151 159
151 191
151 192
151 193
151 196
152 159
152 160
152 161
152 162
152 163
152 164
152 192
152 193
152 196
152 316
152 317
152 318
153 159
153 315
153 316
153 317
154 159
154 316
155 315
155 316
156 314
156 315
156 316
157 313
157 314
157 315
157 316
157 317
158 300
158 303
158 304
158 314
158 315
158 316
158 317
159 300
159 314
159 315
159 316
159 317
159 318
160 296
160 297
160 299
160 300
160 303
160 314
160 315
160 316
160 317
160 318
160 319
161 291
161 292
161 293
161 295
161 296
161 297
161 299
161 300
161 316
161 317
161 318
161 319
161 320
161 321
162 167
162 290
162 291
162 292
162 293
162 296
162 317
162 318
162 319
162 320
162 321
162 322
163 168
163 169
163 193
163 196
163 197
163 200
163 273
163 289
163 290
163 291
163 318
163 319
163 320
163 321
163 322
164 169
164 196
164 197
164 199
164 200
164 201
164 203
164 204
164 318
164 319
164 320
164 321
165 170
165 171
165 172
165 200
165 201
165 204
165 320
165 321
165 322
165 323
166 171
166 172
166 173
166 197
166 200
166 201
166 273
166 288
166 289
166 290
166 291
166 320
166 321
166 322
166 323
167 172
167 196
167 197
167 198
167 199
167 200
167 201
167 202
167 203
167 204
167 205
167 243
167 244
167 245
167 273
167 289
167 321
168 173
168 174
168 175
168 197
168 198
168 199
168 200
168 201
168 202
168 203
168 204
168 205
168 207
168 208
168 243
169 174
169 175
169 176
169 200
169 201
169 204
169 288
169 289
169 321
169 322
169 323
169 324
170 175
170 176
170 177
170 201
170 204
170 205
170 242
170 243
170 244
170 270
170 271
170 272
170 273
170 287
170 288
170 289
170 323
170 324
170 329
171 176
171 177
171 179
171 180
171 182
171 184
171 200
171 201
171 202
171 203
171 204
171 205
171 206
171 208
171 210
171 241
171 242
171 243
171 270
171 271
172 177
172 178
172 180
172 201
172 204
172 205
172 207
172 208
173 178
173 179
173 323
173 329
174 179
174 180
174 182
174 240
174 241
174 242
174 243
174 269
174 270
174 271
174 329
174 330
174 332
175 180
175 181
175 182
175 205
175 208
175 209
175 210
175 240
175 241
175 332
176 208
177 269
177 329
177 330
177 331
177 332
178 240
178 330
178 331
178 332
178 333
179 239
179 240
179 241
179 242
179 265
179 266
179 267
179 268
179 269
179 270
179 329
179 330
179 331
179 332
179 333
180 205
180 210
180 211
180 212
180 213
180 239
180 240
180 241
180 242
180 269
180 332
181 210
181 211
181 212
181 213
181 214
181 238
181 239
181 240
181 241
181 242
182 205
182 210
182 211
182 212
182 213
182 214
182 215
182 237
182 238
182 239
182 240
182 241
182 242
182 243
182 268
182 269
182 270
183 211
183 212
183 213
183 214
183 215
183 216
183 229
183 232
183 233
183 237
183 238
183 239
183 240
183 241
183 242
183 243
183 244
183 270
184 198
184 201
184 202
184 205
184 211
184 212
184 213
184 214
184 215
184 216
184 217
184 239
184 241
184 242
184 243
184 244
184 245
184 270
184 271
185 194
185 197
185 198
185 201
185 212
185 214
185 215
185 216
185 217
185 218
185 225
185 228
185 229
185 241
185 242
185 243
185 244
185 245
185 250
185 253
185 270
185 271
185 272
186 193
186 194
186 195
186 196
186 197
186 198
186 199
186 201
186 215
186 216
186 217
186 218
186 219
186 220
186 225
186 242
186 243
186 244
186 245
186 246
186 249
186 250
186 272
187 192
187 193
187 194
187 195
187 197
187 198
187 215
187 216
187 217
187 218
187 219
187 220
187 221
187 224
187 225
187 244
187 245
187 246
187 249
187 250
188 193
188 194
188 195
188 198
188 216
188 217
188 218
188 219
188 220
188 245
189 194
189 195
189 196
189 197
189 198
189 217
189 218
189 219
190 195
190 196
191 196
191 197
192 197
192 198
192 199
193 198
193 199
193 245
194 199
194 200
194 217
194 218
194 219
194 220
194 244
194 245
194 246
195 200
195 217
196 201
196 202
197 202
197 244
197 245
197 273
198 203
198 215
198 217
198 243
198 244
198 245
199 204
199 205
200 205
200 206
200 207
201 206
201 207
201 208
201 212
201 243
201 244
202 207
202 208
202 209
202 210
202 211
202 212
203 208
203 209
204 209
204 210
205 210
205 211
205 212
206 211
206 212
212 239
212 242
213 236
213 237
213 238
213 239
213 240
213 242
214 232
214 233
214 237
214 238
214 239
214 242
215 228
215 229
215 232
215 242
215 243
215 244
216 228
216 229
216 232
217 224
217 225
217 228
217 244
218 223
218 224
218 225
218 226
218 227
218 228
218 229
218 244
218 245
218 246
218 249
218 250
219 224
219 225
219 228
219 246
219 249
219 250
220 225
220 244
220 245
220 246
220 247
220 248
220 249
220 250
221 226
221 246
221 248
221 249
221 250
221 251
221 252
222 246
222 247
222 248
222 249
222 250
222 251
222 252
222 253
223 228
223 248
223 249
223 250
223 251
223 252
223 253
223 255
224 229
224 246
224 248
224 249
224 250
224 251
224 252
224 253
225 230
225 244
225 246
225 247
225 248
225 249
225 250
225 251
225 252
225 253
225 254
225 255
225 256
226 231
226 232
226 249
226 250
226 251
226 252
226 253
226 254
226 255
226 256
226 257
226 259
226 260
227 232
227 233
227 252
227 253
227 255
227 256
228 233
228 234
228 250
228 252
228 253
228 256
229 234
229 235
229 237
229 238
229 242
229 250
229 252
229 253
229 254
229 255
229 256
229 257
229 260
230 235
230 236
230 237
230 252
230 253
230 254
230 255
230 256
230 257
230 259
230 260
231 236
231 237
231 256
231 260
232 237
232 238
233 238
233 239
233 256
233 257
233 260
234 260
238 257
238 267
238 268
239 267
239 268
239 269
239 270
240 264
240 265
240 266
240 267
240 268
240 269
240 270
240 329
240 330
240 331
240 332
240 333
241 264
241 265
241 266
241 267
241 268
241 269
241 270
241 271
241 328
241 329
241 330
241 331
241 332
242 250
242 253
242 265
242 268
242 269
242 270
242 271
242 272
242 328
242 329
243 250
243 269
243 270
243 271
243 272
243 273
243 287
243 288
243 328
243 329
244 249
244 250
244 251
244 253
244 270
244 271
244 272
244 273
244 274
244 288
245 250
245 271
245 272
245 273
245 274
245 275
245 288
245 289
245 290
246 251
246 271
246 272
246 273
246 274
246 275
246 276
246 288
246 289
246 290
247 252
247 253
247 270
247 271
247 272
247 273
247 274
247 275
247 276
247 277
247 278
247 279
247 280
247 282
247 286
247 287
247 288
247 289
247 290
248 253
248 272
248 273
248 274
248 275
248 276
248 277
248 278
248 279
248 282
248 286
249 254
249 272
249 273
250 255
250 270
250 271
250 272
250 273
250 279
250 286
251 256
251 270
251 271
251 272
251 278
251 279
251 282
251 283
251 284
251 286
252 257
252 258
253 258
253 259
253 260
253 264
253 270
253 271
254 259
254 260
254 262
254 263
254 264
254 265
254 268
254 270
254 282
254 283
254 284
254 286
254 328
255 260
255 261
255 262
255 264
255 283
256 261
256 262
256 263
256 264
257 262
257 263
257 264
257 265
257 267
257 268
258 263
258 264
258 267
262 267
262 268
263 268
263 269
263 284
263 328
263 335
264 269
264 270
264 283
264 284
264 327
264 328
264 329
264 330
265 270
265 271
265 284
265 285
265 286
265 287
265 326
265 327
265 328
265 329
265 330
265 331
265 332
265 333
266 284
266 327
266 328
266 329
266 330
266 331
266 332
266 333
266 334
266 335
266 341
267 328
267 329
267 330
267 331
267 332
267 333
267 334
267 335
268 328
268 329
268 330
268 331
268 332
268 333
269 286
269 287
269 327
269 328
269 329
269 330
269 331
269 332
269 333
270 284
270 286
270 287
270 288
270 327
270 328
270 329
270 330
271 285
271 286
271 287
271 288
271 289
271 324
271 325
271 326
271 327
271 328
271 329
272 279
272 286
272 287
272 288
272 289
272 290
272 324
272 328
273 279
273 286
273 287
273 288
273 289
273 290
273 291
273 321
273 323
273 324
274 279
274 288
274 289
274 290
274 291
274 292
274 293
274 321
274 322
274 323
275 280
275 286
275 287
275 288
275 289
275 290
275 291
275 292
275 323
275 324
276 281
276 282
276 286
276 288
276 289
276 290
277 282
277 285
278 283
278 285
278 286
279 284
279 285
279 286
279 287
279 288
280 285
280 286
280 287
280 288
280 326
281 286
282 327
283 327
283 328
284 326
284 327
284 328
284 329
285 325
285 326
285 327
285 328
285 329
286 324
286 325
286 326
286 327
286 328
286 329
287 323
287 324
287 325
287 326
287 327
287 328
287 329
287 330
288 322
288 323
288 324
288 325
288 326
288 327
288 328
288 329
289 321
289 322
289 323
289 324
289 325
290 320
290 321
290 322
290 323
290 324
291 296
291 319
291 320
291 321
291 322
291 323
292 297
292 298
292 319
292 320
292 321
292 322
293 298
293 299
294 299
294 300
295 300
295 301
295 319
296 301
296 318
296 319
297 302
297 303
298 303
298 304
299 304
299 305
299 306
300 305
300 306
300 317
301 306
302 307
302 308
302 309
302 310
303 308
303 309
303 310
303 311
303 312
303 313
303 314
303 315
304 309
304 310
304 311
304 313
304 314
305 310
305 311
306 311
306 312
306 313
306 314
307 312
307 313
307 314
308 313
325 330
330 335
330 340
331 336
331 337
331 339
331 340
331 341
334 339
334 341
335 340
335 341
335 342
335 344
335 345
336 341
336 342
336 343
336 344
336 345
337 342
338 343
339 344
340 345
341 346
342 347
343 348
343 349
344 349
344 350
345 350
346 351
346 352
346 353
347 352
347 353
348 353
348 354
349 354
349 355
350 355
350 356
351 356
352 357
