16 274
22 149
22 274
7 57
19 284
25 284
22 57
22 245
22 193
42 49
17 57
25 54
22 291
18 220
18 75
22 247
27 193
1 360
1 359
22 296
17 76
1 358
18 293
18 126
25 274
22 293
18 69
25 57
18 57
1 357
22 284
6 49
30 76
13 274
22 150
27 98
18 248
29 193
1 356
18 292
18 193
24 291
22 73
18 191
17 291
29 70
22 69
18 119
1 355
21 360
10 360
6 50
22 117
22 80
22 297
17 193
22 194
1 354
24 49
17 126
21 359
10 359
19 252
22 55
22 249
25 293
27 293
22 187
22 282
22 253
21 358
10 358
18 276
27 291
22 54
17 149
47 193
19 272
18 274
22 220
27 191
27 76
22 222
27 297
22 275
18 187
17 191
10 357
21 357
27 84
22 59
22 157
18 127
22 75
18 163
42 53
29 274
18 149
29 293
24 117
27 281
27 69
1 353
29 291
30 187
22 126
18 278
1 352
22 67
23 57
18 291
29 73
18 222
25 245
27 58
21 197
27 248
22 118
22 161
30 246
22 244
22 248
27 249
46 57
29 57
29 246
47 53
30 193
27 57
19 276
27 192
27 284
10 356
29 276
29 191
1 350
22 87
7 193
19 126
1 351
25 117
18 246
22 125
17 163
21 56
27 184
22 56
22 160
7 291
21 356
1 349
27 117
18 76
17 73
18 110
27 75
6 284
18 201
22 52
10 355
42 284
42 163
18 245
22 281
27 244
18 52
30 250
18 281
18 51
27 73
22 63
27 278
25 58
27 256
27 51
17 248
27 125
27 245
34 276
29 245
22 276
17 245
18 158
29 273
1 348
21 355
31 291
29 292
27 163
29 163
29 247
18 63
16 264
29 194
10 354
22 278
6 75
45 291
25 149
23 76
17 117
17 98
34 220
1 347
5 57
22 163
27 274
22 158
16 247
21 354
28 274
22 66
25 248
17 278
42 54
27 252
29 150
29 51
22 290
18 87
27 52
27 276
17 274
17 125
16 144
18 147
22 192
22 277
17 255
29 69
18 84
17 75
34 194
27 222
27 70
27 247
18 282
18 97
18 120
27 97
1 346
29 281
22 147
19 73
22 68
22 74
17 284
18 93
27 126
29 55
18 150
19 184
23 276
7 276
30 273
18 53
18 68
17 84
22 243
22 62
27 201
27 150
22 49
34 255
27 48
29 161
22 76
27 93
22 273
29 275
19 249
27 194
22 83
29 125
20 247
17 281
29 118
34 187
18 117
22 93
7 281
22 50
18 66
16 239
29 255
47 360
10 353
29 158
22 51
42 291
18 98
16 246
16 65
29 192
17 93
27 292
26 274
6 51
17 276
22 246
29 186
27 147
42 74
29 252
5 274
25 49
23 179
27 296
17 70
27 282
18 58
17 58
42 125
7 293
29 149
24 284
28 73
30 248
27 77
23 248
18 194
17 68
16 84
27 54
25 246
27 92
18 192
17 63
27 157
29 52
22 88
22 251
27 114
21 353
29 126
25 97
29 117
17 69
18 125
34 74
17 52
45 297
7 59
29 75
17 293
29 110
28 51
17 53
24 297
25 75
29 127
10 352
25 269
18 283
7 51
7 249
17 94
47 359
22 167
18 49
1 345
27 63
16 291
25 277
42 197
18 184
29 256
25 193
42 52
22 173
27 255
29 116
7 84
22 148
23 187
5 53
27 116
27 149
18 113
29 248
17 179
17 194
22 188
29 148
27 50
29 160
30 255
28 191
29 283
18 62
27 160
22 164
27 161
16 75
29 278
22 98
17 158
7 50
27 118
19 248
16 194
29 81
7 52
30 194
47 292
47 358
17 192
27 113
18 257
27 74
29 277
21 352
22 272
29 84
16 193
25 281
19 281
18 269
25 273
18 72
27 49
22 191
47 252
23 117
17 252
34 248
23 193
27 55
27 72
17 127
10 351
22 127
22 184
27 186
27 59
19 360
10 350
29 68
29 120
7 192
18 73
28 117
21 69
18 79
28 163
30 125
5 59
18 80
6 281
22 78
28 57
30 252
6 255
18 74
45 274
7 62
25 244
6 57
7 75
29 88
16 78
27 279
29 98
24 248
47 357
42 276
16 80
25 184
25 249
16 87
30 245
25 278
10 349
19 57
27 283
18 279
29 196
22 255
23 293
34 69
29 93
29 62
27 127
41 50
28 69
23 245
17 54
22 288
29 78
1 344
30 98
27 79
18 70
29 48
19 117
9 54
22 58
18 196
41 274
28 245
21 351
13 149
35 49
24 52
18 297
29 74
28 291
42 113
22 77
42 293
10 348
17 161
25 66
21 350
47 56
17 297
19 247
19 359
17 78
25 110
25 192
27 62
18 284
20 360
25 191
18 71
17 113
7 58
42 191
29 269
17 77
21 59
3 118
6 193
10 347
28 281
22 201
29 58
18 129
19 193
27 158
7 160
25 52
29 220
29 251
22 72
42 239
29 71
25 51
22 224
17 74
21 345
29 128
29 290
10 346
28 125
17 51
17 97
29 113
34 93
22 97
18 48
42 126
21 349
7 248
28 149
13 148
22 162
17 148
25 118
28 52
7 73
30 247
47 57
41 193
34 66
18 88
22 283
28 293
28 276
35 117
38 360
30 75
25 276
17 160
20 359
22 285
30 57
16 360
17 282
27 81
29 72
17 49
22 84
18 77
19 358
18 160
25 72
29 157
29 249
14 274
27 128
17 283
22 70
28 118
27 188
47 87
7 149
25 194
45 292
21 348
1 343
29 77
34 78
29 296
47 244
7 184
17 184
39 48
19 188
42 160
27 196
17 71
19 160
42 75
30 293
28 110
27 290
23 51
27 145
6 220
30 81
23 296
9 58
45 252
27 220
17 244
25 186
7 76
18 251
30 281
27 300
27 167
27 273
6 201
29 63
18 54
7 88
22 156
6 53
21 346
18 157
27 289
28 292
23 73
21 347
7 158
31 187
22 292
27 119
16 276
38 359
29 97
25 291
19 357
17 80
17 87
27 277
16 57
20 358
29 282
17 246
4 284
17 290
42 48
18 247
27 115
29 244
29 115
22 254
17 187
27 187
7 117
28 275
45 126
10 121
17 220
7 126
22 116
22 239
25 84
17 269
6 73
27 56
27 80
22 186
17 95
29 184
25 282
23 246
45 293
29 59
18 277
28 187
16 359
34 149
28 161
19 198
18 186
17 88
27 148
19 144
27 141
22 96
6 191
18 81
7 277
29 167
19 69
30 191
7 69
29 189
27 124
29 279
27 110
22 269
47 356
38 358
27 246
18 55
17 147
18 107
17 72
34 284
22 145
34 126
24 276
23 114
7 245
26 73
18 300
34 55
29 222
7 125
17 222
22 256
20 357
8 184
22 79
29 50
19 55
7 100
23 247
30 68
7 255
47 126
7 70
8 53
25 93
17 110
25 255
30 256
7 150
6 282
18 296
18 128
28 255
23 161
34 117
22 128
17 66
31 293
23 54
30 161
30 192
16 358
28 246
42 193
25 187
22 81
27 162
42 161
7 145
13 276
7 197
31 126
27 66
29 272
15 273
45 52
27 95
45 193
10 297
34 119
7 222
42 78
18 114
17 62
29 141
28 297
7 191
47 291
25 161
7 98
9 293
25 73
17 59
18 65
42 248
34 269
13 118
7 283
38 357
18 131
17 124
28 220
42 58
42 93
34 249
16 245
18 243
19 285
35 51
18 301
45 276
29 179
28 93
42 186
23 75
9 248
7 300
10 345
27 83
18 59
17 81
47 355
34 113
25 130
22 124
22 71
31 125
22 106
22 107
19 116
25 290
22 48
27 71
17 277
16 281
27 88
18 99
21 174
27 99
30 147
30 149
29 145
5 147
30 84
6 70
22 166
35 293
18 92
22 65
22 113
16 357
34 281
23 110
18 249
29 87
7 187
30 54
17 79
34 293
22 112
28 87
13 249
34 76
28 98
29 164
19 356
42 60
31 283
25 94
29 284
34 247
31 191
21 344
22 279
41 74
7 110
6 125
29 49
18 229
27 251
7 220
29 101
26 284
42 117
6 82
22 101
15 193
23 49
19 283
42 55
22 151
34 184
17 120
16 255
29 119
22 110
25 127
45 194
10 163
27 130
16 275
21 73
1 342
28 284
30 278
29 80
30 160
8 49
17 116
25 125
18 118
29 147
18 156
35 191
24 281
17 118
29 99
28 70
27 280
19 97
28 194
27 250
7 226
30 274
31 163
41 52
31 255
29 173
17 251
7 128
29 54
29 106
15 98
45 54
24 84
34 58
22 258
27 78
47 354
23 281
18 82
42 158
17 294
34 256
7 188
30 220
18 148
22 179
24 75
17 196
6 84
17 249
30 127
19 163
27 129
30 279
17 273
29 165
42 124
13 252
16 296
18 255
15 276
17 122
31 292
45 150
18 273
16 59
21 84
34 193
22 119
22 240
17 119
34 245
5 51
28 277
28 126
42 51
29 103
16 356
16 55
23 70
28 184
28 158
18 162
6 163
23 126
17 150
26 52
27 133
18 56
21 343
6 76
42 59
27 68
29 187
43 48
10 54
18 244
27 257
42 76
25 157
29 129
25 76
17 239
6 192
10 197
16 147
30 58
35 248
6 276
19 355
29 67
26 276
24 245
39 291
28 283
7 55
30 249
6 222
29 114
42 98
6 279
26 117
23 274
23 244
31 246
22 294
29 79
28 71
29 65
28 77
27 258
17 128
30 67
17 67
38 356
25 81
7 81
18 166
17 296
22 122
5 183
27 87
17 50
42 269
31 193
27 303
25 116
28 249
28 84
45 290
7 63
29 76
18 188
42 148
18 161
7 97
13 193
17 129
25 69
22 300
6 291
29 285
27 239
24 184
10 344
16 293
30 126
5 284
29 188
7 113
7 294
30 49
5 187
27 166
17 186
26 255
7 72
27 272
41 276
25 70
6 67
13 58
28 127
16 355
28 97
27 134
34 192
42 73
30 285
24 63
15 249
28 278
39 73
18 170
26 248
9 52
29 156
28 75
28 58
28 190
19 191
46 52
24 163
28 250
17 130
16 160
22 205
17 100
25 128
23 52
6 249
42 184
28 222
9 117
30 276
28 239
17 198
18 67
16 74
41 245
34 148
13 78
45 163
22 105
42 149
45 65
28 193
28 65
27 101
7 65
27 183
23 258
18 256
22 189
31 186
42 253
23 301
17 301
19 279
17 285
29 254
17 188
16 81
7 301
42 69
17 164
34 160
23 72
5 279
29 198
39 276
16 354
22 265
27 198
25 252
30 73
29 85
27 265
27 269
20 356
27 294
30 196
7 127
31 73
45 191
27 254
5 193
27 177
23 69
30 93
28 160
27 67
18 195
6 52
27 82
27 205
42 57
19 354
29 112
17 300
19 273
34 171
25 74
13 192
20 281
19 291
23 257
34 84
31 127
24 193
29 56
7 77
38 355
17 99
6 113
16 150
24 160
7 282
15 70
23 98
29 151
18 116
29 201
25 283
9 57
5 177
22 301
18 133
31 248
39 70
47 288
15 127
29 124
18 288
28 192
17 238
5 76
7 49
6 269
45 59
34 185
42 245
35 288
18 78
7 251
23 241
29 66
27 86
18 265
17 173
27 90
23 48
30 296
26 281
28 88
34 118
29 100
28 76
42 187
29 265
7 101
6 126
27 122
6 297
39 51
45 248
28 248
39 117
17 65
29 82
39 293
19 245
7 278
30 184
42 296
28 197
18 226
28 78
28 150
24 252
25 188
25 272
27 301
22 95
18 164
34 125
30 69
17 250
25 247
39 193
6 184
22 217
16 125
7 79
29 133
26 69
34 282
30 51
7 269
16 76
15 184
34 51
29 131
42 246
29 94
31 265
29 218
29 299
5 74
30 50
23 194
23 163
6 56
7 246
6 283
30 88
24 127
29 60
13 74
24 57
25 271
29 190
25 113
34 75
39 191
17 189
39 69
27 131
31 149
29 294
47 284
29 289
16 126
42 251
29 152
7 93
31 184
42 249
27 164
42 283
31 113
42 192
10 343
22 299
42 118
27 221
17 48
16 287
19 95
22 120
28 186
7 120
34 52
18 122
38 354
29 303
29 95
35 74
28 128
6 69
15 126
6 117
17 195
28 81
18 167
7 83
16 70
17 167
47 353
25 301
18 101
7 99
30 239
17 82
45 281
24 161
27 224
27 275
27 135
41 275
27 151
28 290
29 253
28 167
42 68
7 68
30 150
22 169
30 80
22 197
28 170
27 94
5 75
7 54
42 81
13 101
18 111
21 245
27 288
9 97
28 74
10 92
20 355
6 170
18 145
21 342
23 278
5 252
45 192
23 147
34 67
7 163
47 253
19 72
47 245
47 55
7 74
27 156
22 170
10 342
19 222
47 163
22 131
24 76
5 68
28 63
34 132
7 90
30 117
27 100
31 281
8 57
16 353
39 52
27 65
34 63
30 145
25 158
35 193
6 194
26 78
27 107
13 79
28 113
42 128
26 193
21 279
27 132
27 285
27 165
30 158
27 143
35 125
7 243
7 296
23 191
34 71
29 162
17 224
27 253
29 135
17 253
22 190
31 120
22 133
23 118
27 243
28 251
17 115
10 119
27 189
7 95
45 98
17 86
7 194
7 78
29 137
18 179
28 55
25 160
30 183
29 221
24 98
28 280
42 150
45 127
17 303
9 51
7 141
17 92
22 132
6 161
19 293
6 97
31 220
23 200
29 301
7 303
31 245
27 109
34 246
30 100
10 71
19 98